

Cycle 0
Comp.: MFR[kg/s]:

DIALLYL: 2.0692340644878217e-10
NC6H12: 3.7787695469458466e-11
MCPTD: 1.2328056650944985e-11
CYC6H10: 8.652094882128813e-12
CYC6H8: 3.5109312324482498e-15
NC7H14: 8.145405711286128e-16
C7H8: 3.2820942843837905e-16
RCYC6H9: 1.3407005847966256e-16
CYC6H12: 4.983989886986854e-17
XYLENE: 2.60896466320947e-17


Cycle -0.5
Comp.: MFR[kg/s]:

