

Cycle 0
Comp.: MFR[kg/s]:

DIALLYL: 2.2379065398533495e-10
NC6H12: 5.968218812780323e-11
MCPTD: 1.5845401113417626e-11
CYC6H10: 1.1232753815890848e-11
CYC6H8: 2.513158858991289e-15
NC7H14: 9.787172819806317e-16
C7H8: 4.219225754441015e-16
RCYC6H9: 1.2900677562575126e-16
CYC6H12: 4.0370147936827426e-17
XYLENE: 3.485316862923797e-17


Cycle 4.0
Comp.: MFR[kg/s]:

DIALLYL: 9.815943168686326e-12
NC6H12: 2.09286365322258e-13
MCPTD: 4.206340175911812e-14
CYC6H10: 2.7365669601574716e-14
CYC6H8: 5.042013439005242e-16
RCYC6H9: 4.0612801153299806e-17
NC7H14: 2.241086503360258e-17
NC7H16: 1.9931412265918215e-17
RC6H9A: 1.520256358382691e-18
C7H8: 7.736878097779534e-19


Cycle 9
Comp.: MFR[kg/s]:

DIALLYL: 9.81594299923466e-12
NC6H12: 2.0928636375640271e-13
MCPTD: 4.2063400963795916e-14
CYC6H10: 2.736566908391038e-14
CYC6H8: 5.042013353937592e-16
RCYC6H9: 4.061280048703078e-17
NC7H14: 2.2410864717798346e-17
NC7H16: 1.9931412162432958e-17
RC6H9A: 1.520256333517535e-18
C7H8: 7.736877960636429e-19
